# ----- Rotor performance tables for the OpenFAST_IO Turbine wind turbine ----- 
# ------------ Written on Apr-29-25 using the ROSCO toolbox ------------ 

# Pitch angle vector, 20 entries - x axis (matrix columns) (deg)
-5.0   -3.158   -1.316   0.5263   2.368   4.211   6.053   7.895   9.737   11.58   13.42   15.26   17.11   18.95   20.79   22.63   24.47   26.32   28.16   30.0   
# TSR vector, 20 entries - y axis (matrix rows) (-)
2.0    2.526    3.053    3.579    4.105    4.632    5.158    5.684    6.211    6.737    7.263    7.789    8.316    8.842    9.368    9.895    10.42    10.95    11.47    12.0    
# Wind speed vector - z axis (m/s)
12.33    

# Power coefficient

0.002204   0.005073   0.008479   0.012679   0.017594   0.022870   0.028037   0.032834   0.037450   0.042181   0.046926   0.051100   0.054088   0.055651   0.055983   0.055382   0.053930   0.051585   0.048347   0.044173   
0.010535   0.018802   0.027719   0.036370   0.044157   0.051501   0.059172   0.067117   0.074163   0.078991   0.081298   0.081702   0.080696   0.078203   0.074110   0.068581   0.061855   0.054156   0.045482   0.035958   
0.033196   0.046353   0.057988   0.069033   0.080774   0.093088   0.103556   0.110091   0.112894   0.113242   0.111272   0.106597   0.099573   0.090753   0.080476   0.068769   0.055967   0.042070   0.027094   0.011172   
0.064632   0.080653   0.096868   0.114709   0.131469   0.143028   0.148799   0.150730   0.148910   0.142875   0.133542   0.121841   0.107955   0.092186   0.075028   0.056569   0.036859   0.015925   -0.006199   -0.028726   
0.102216   0.125009   0.149879   0.171534   0.185069   0.191703   0.192877   0.187776   0.177627   0.163932   0.147096   0.127579   0.106188   0.083210   0.058811   0.032961   0.005503   -0.023524   -0.052913   -0.080372   
0.149594   0.182660   0.211310   0.229213   0.238172   0.238542   0.230709   0.217090   0.198827   0.176715   0.151810   0.124693   0.095845   0.065347   0.033030   -0.001362   -0.037936   -0.075403   -0.110752   -0.141612   
0.208995   0.247778   0.273301   0.286381   0.287233   0.277982   0.261251   0.238810   0.212182   0.182222   0.149647   0.115005   0.078320   0.039385   -0.002148   -0.046624   -0.093177   -0.138354   -0.178435   -0.212423   
0.276148   0.313474   0.333699   0.337326   0.328070   0.309340   0.284133   0.254028   0.219844   0.182387   0.142192   0.099457   0.053956   0.005302   -0.047032   -0.102996   -0.159546   -0.211522   -0.256103   -0.292747   
0.344095   0.375604   0.385317   0.378065   0.359673   0.333686   0.301801   0.264783   0.223443   0.178355   0.129978   0.078240   0.022715   -0.037154   -0.102011   -0.170324   -0.236565   -0.295043   -0.343724   -0.381974   
0.405213   0.424860   0.423115   0.408417   0.384706   0.353594   0.315892   0.272360   0.223673   0.170515   0.113190   0.051340   -0.015554   -0.088357   -0.167348   -0.248508   -0.324220   -0.389022   -0.441159   -0.479884   
0.445435   0.454412   0.448603   0.431825   0.405421   0.370320   0.327298   0.277203   0.220891   0.159088   0.091835   0.018701   -0.061155   -0.148749   -0.243179   -0.337629   -0.422764   -0.493489   -0.548322   -0.587390   
0.453219   0.466448   0.465018   0.449938   0.422678   0.384424   0.336376   0.279673   0.215323   0.144106   0.065915   -0.019909   -0.114413   -0.218729   -0.329758   -0.437865   -0.532382   -0.608501   -0.665706   -0.705837   
0.435034   0.461946   0.472782   0.463116   0.436738   0.396222   0.343469   0.279945   0.207057   0.125593   0.035297   -0.064690   -0.175747   -0.298624   -0.427408   -0.549460   -0.653220   -0.734292   -0.794300   -0.836750   
0.411146   0.443824   0.470593   0.471111   0.447784   0.405993   0.348699   0.278119   0.196130   0.103513   -0.000124   -0.115969   -0.245597   -0.388793   -0.536459   -0.672689   -0.785498   -0.871525   -0.935268   -0.981736   
0.385892   0.422707   0.457792   0.473462   0.455897   0.413779   0.352143   0.274256   0.182578   0.077837   -0.040589   -0.174084   -0.324393   -0.489602   -0.657196   -0.807863   -0.929494   -1.021070   -1.089888   -1.142311   
0.357926   0.400359   0.439351   0.469217   0.460898   0.419592   0.353848   0.268462   0.166430   0.048408   -0.086348   -0.239377   -0.412479   -0.601445   -0.789903   -0.955299   -1.085694   -1.183860   -1.259513   -1.319703   
0.326579   0.376062   0.419609   0.458093   0.462533   0.423424   0.353932   0.260809   0.147604   0.015050   -0.137645   -0.312157   -0.510206   -0.724739   -0.934914   -1.115327   -1.254759   -1.360963   -1.445311   -1.514916   
0.291475   0.349356   0.398725   0.442414   0.460469   0.425347   0.352492   0.251270   0.125983   -0.022403   -0.194694   -0.392757   -0.617959   -0.859882   -1.092615   -1.288308   -1.437487   -1.553516   -1.648216   -1.728845   
0.252304   0.319850   0.376220   0.424366   0.454349   0.425418   0.349540   0.239773   0.101469   -0.064090   -0.257728   -0.481531   -0.736138   -1.007258   -1.263398   -1.474682   -1.634763   -1.762614   -1.869057   -1.962425   
0.208832   0.287191   0.351738   0.405037   0.444169   0.423621   0.345039   0.226270   0.073984   -0.110156   -0.327002   -0.578837   -0.865147   -1.167243   -1.447667   -1.674975   -1.847525   -1.989233   -2.108621   -2.216561   


#  Thrust coefficient

0.061285   0.060154   0.059737   0.060370   0.061891   0.063773   0.065484   0.066838   0.068125   0.069689   0.071478   0.072970   0.073571   0.073028   0.071523   0.069283   0.066334   0.062673   0.058294   0.053093   
0.078164   0.081430   0.085294   0.088677   0.091200   0.093508   0.096433   0.099974   0.103065   0.104470   0.103839   0.101673   0.098369   0.093813   0.087915   0.080869   0.072803   0.063904   0.054163   0.043721   
0.112288   0.117552   0.121363   0.125054   0.129944   0.135957   0.140884   0.142759   0.141606   0.138438   0.133328   0.125898   0.116520   0.105677   0.093618   0.080282   0.066091   0.051078   0.035278   0.018888   
0.154841   0.160028   0.166283   0.174938   0.183527   0.188234   0.188283   0.185190   0.178874   0.168922   0.156191   0.141537   0.125013   0.106856   0.087690   0.067621   0.046734   0.025136   0.002932   -0.019052   
0.204548   0.214035   0.226726   0.237778   0.242540   0.241780   0.236409   0.225500   0.210216   0.191981   0.171039   0.147812   0.123262   0.097694   0.071305   0.044156   0.016199   -0.012428   -0.040473   -0.065737   
0.266740   0.283700   0.298354   0.304738   0.304077   0.295899   0.280300   0.259627   0.234896   0.206853   0.176770   0.145312   0.112962   0.079856   0.045952   0.011121   -0.024585   -0.059802   -0.091664   -0.117914   
0.344271   0.364441   0.374825   0.375429   0.365048   0.345171   0.318413   0.286569   0.251440   0.214130   0.175446   0.135914   0.095620   0.054485   0.012319   -0.030999   -0.074438   -0.114688   -0.148320   -0.174268   
0.434234   0.451806   0.455983   0.444782   0.420881   0.387740   0.349010   0.306710   0.262016   0.215833   0.168674   0.120735   0.071902   0.021985   -0.029288   -0.081547   -0.131780   -0.175290   -0.209467   -0.233626   
0.533775   0.544840   0.535233   0.507700   0.468897   0.423585   0.374281   0.322198   0.268313   0.213176   0.157139   0.100198   0.042112   -0.017391   -0.078523   -0.139522   -0.195282   -0.240791   -0.274092   -0.294653   
0.640410   0.634927   0.605522   0.562215   0.511127   0.455248   0.395995   0.334404   0.271112   0.206632   0.141190   0.074556   0.006496   -0.063400   -0.134896   -0.204033   -0.264117   -0.310413   -0.341263   -0.356682   
0.741597   0.712662   0.666886   0.611505   0.549968   0.484144   0.415164   0.343836   0.270805   0.196539   0.121026   0.044066   -0.034769   -0.115862   -0.197826   -0.274415   -0.337727   -0.383429   -0.410294   -0.420107   
0.824280   0.779461   0.722746   0.657548   0.586476   0.510986   0.432179   0.350882   0.267701   0.183055   0.096887   0.008841   -0.081524   -0.174546   -0.266875   -0.350132   -0.415573   -0.459247   -0.481147   -0.485631   
0.891693   0.837677   0.774220   0.701079   0.621112   0.536146   0.447428   0.355777   0.261955   0.166378   0.068876   -0.030954   -0.133691   -0.239171   -0.341693   -0.430747   -0.497160   -0.537505   -0.554210   -0.554043   
0.955016   0.889018   0.821085   0.742237   0.654217   0.559981   0.461077   0.358656   0.253716   0.146626   0.037146   -0.075274   -0.191199   -0.309496   -0.421962   -0.515897   -0.582120   -0.618254   -0.629976   -0.626062   
1.018508   0.939470   0.863118   0.781039   0.686040   0.582584   0.473220   0.359643   0.243123   0.123940   0.001722   -0.124071   -0.253971   -0.385302   -0.507366   -0.605295   -0.670177   -0.701744   -0.708991   -0.702169   
1.082778   0.990985   0.903145   0.817117   0.716527   0.603985   0.483944   0.358901   0.230310   0.098338   -0.037364   -0.177298   -0.321855   -0.466411   -0.597619   -0.698697   -0.761248   -0.788260   -0.791815   -0.782551   
1.148286   1.043902   0.944005   0.850239   0.745514   0.624214   0.493410   0.356564   0.215296   0.069834   -0.080070   -0.234874   -0.394714   -0.552685   -0.692502   -0.795901   -0.855397   -0.878172   -0.878811   -0.867209   
1.215478   1.098372   0.986071   0.881581   0.772799   0.643392   0.501753   0.352660   0.198080   0.038466   -0.126322   -0.296747   -0.472457   -0.643984   -0.791859   -0.896749   -0.952787   -0.971870   -0.970121   -0.956063   
1.284527   1.154377   1.029166   0.912434   0.798193   0.661624   0.509011   0.347173   0.178695   0.004302   -0.176069   -0.362884   -0.555008   -0.740173   -0.895562   -1.001153   -1.053637   -1.069681   -1.065778   -1.049073   
1.355373   1.211768   1.073189   0.943606   0.821712   0.678916   0.515167   0.340132   0.157202   -0.032604   -0.229281   -0.433262   -0.642302   -0.841120   -1.003499   -1.109100   -1.158203   -1.171816   -1.165756   -1.146176   


# Torque coefficient

0.001104   0.002540   0.004245   0.006348   0.008809   0.011451   0.014038   0.016440   0.018751   0.021119   0.023495   0.025585   0.027081   0.027864   0.028030   0.027729   0.027002   0.025828   0.024206   0.022117   
0.004176   0.007453   0.010987   0.014416   0.017503   0.020414   0.023454   0.026604   0.029396   0.031310   0.032224   0.032385   0.031986   0.030998   0.029376   0.027184   0.024518   0.021466   0.018028   0.014253   
0.010890   0.015205   0.019022   0.022645   0.026497   0.030536   0.033970   0.036114   0.037033   0.037147   0.036501   0.034968   0.032663   0.029770   0.026399   0.022559   0.018359   0.013801   0.008888   0.003665   
0.018084   0.022566   0.027103   0.032095   0.036784   0.040019   0.041633   0.042173   0.041664   0.039976   0.037364   0.034091   0.030205   0.025793   0.020993   0.015828   0.010313   0.004456   -0.001734   -0.008037   
0.024933   0.030493   0.036559   0.041841   0.045143   0.046761   0.047047   0.045803   0.043328   0.039987   0.035880   0.031120   0.025902   0.020297   0.014345   0.008040   0.001342   -0.005738   -0.012907   -0.019605   
0.032343   0.039492   0.045686   0.049557   0.051494   0.051574   0.049881   0.046936   0.042988   0.038207   0.032822   0.026959   0.020722   0.014128   0.007141   -0.000295   -0.008202   -0.016302   -0.023945   -0.030617   
0.040575   0.048104   0.053060   0.055599   0.055765   0.053968   0.050720   0.046363   0.041194   0.035377   0.029053   0.022327   0.015205   0.007646   -0.000417   -0.009052   -0.018090   -0.026861   -0.034642   -0.041241   
0.048648   0.055224   0.058787   0.059426   0.057795   0.054496   0.050055   0.044752   0.038729   0.032131   0.025050   0.017521   0.009505   0.000934   -0.008286   -0.018145   -0.028107   -0.037263   -0.045117   -0.051572   
0.055481   0.060562   0.062128   0.060958   0.057993   0.053803   0.048662   0.042693   0.036027   0.028758   0.020957   0.012615   0.003663   -0.005991   -0.016448   -0.027463   -0.038143   -0.047572   -0.055421   -0.061589   
0.060231   0.063152   0.062892   0.060708   0.057183   0.052559   0.046955   0.040484   0.033247   0.025346   0.016825   0.007631   -0.002312   -0.013133   -0.024875   -0.036939   -0.048192   -0.057825   -0.065574   -0.071330   
0.061412   0.062650   0.061849   0.059536   0.055895   0.051056   0.045125   0.038218   0.030454   0.021933   0.012661   0.002578   -0.008431   -0.020508   -0.033527   -0.046549   -0.058287   -0.068037   -0.075597   -0.080984   
0.058263   0.059964   0.059780   0.057842   0.054337   0.049419   0.043243   0.035953   0.027681   0.018525   0.008474   -0.002559   -0.014708   -0.028119   -0.042392   -0.056290   -0.068440   -0.078226   -0.085579   -0.090739   
0.052386   0.055627   0.056932   0.055768   0.052591   0.047712   0.041360   0.033710   0.024933   0.015124   0.004250   -0.007790   -0.021163   -0.035960   -0.051468   -0.066165   -0.078660   -0.088422   -0.095648   -0.100760   
0.046562   0.050263   0.053295   0.053354   0.050712   0.045979   0.039490   0.031497   0.022212   0.011723   -0.000014   -0.013134   -0.027814   -0.044031   -0.060754   -0.076182   -0.088958   -0.098701   -0.105920   -0.111182   
0.041247   0.045182   0.048933   0.050607   0.048730   0.044228   0.037640   0.029315   0.019515   0.008320   -0.004339   -0.018608   -0.034674   -0.052333   -0.070246   -0.086351   -0.099352   -0.109140   -0.116496   -0.122099   
0.036223   0.040517   0.044463   0.047486   0.046644   0.042464   0.035810   0.027169   0.016843   0.004899   -0.008739   -0.024226   -0.041744   -0.060868   -0.079940   -0.096679   -0.109875   -0.119810   -0.127466   -0.133557   
0.031381   0.036136   0.040321   0.044019   0.044445   0.040687   0.034010   0.025061   0.014184   0.001446   -0.013226   -0.029996   -0.049026   -0.069641   -0.089837   -0.107173   -0.120571   -0.130777   -0.138882   -0.145570   
0.026662   0.031956   0.036472   0.040468   0.042120   0.038907   0.032243   0.022984   0.011524   -0.002049   -0.017809   -0.035926   -0.056526   -0.078655   -0.099943   -0.117844   -0.131489   -0.142102   -0.150765   -0.158140   
0.022020   0.027915   0.032835   0.037037   0.039654   0.037129   0.030506   0.020926   0.008856   -0.005593   -0.022493   -0.042026   -0.064247   -0.087909   -0.110264   -0.128704   -0.142675   -0.153833   -0.163123   -0.171272   
0.017427   0.023965   0.029352   0.033799   0.037065   0.035350   0.028793   0.018882   0.006174   -0.009192   -0.027288   -0.048303   -0.072194   -0.097404   -0.120805   -0.139773   -0.154172   -0.165997   -0.175960   -0.184967   

